1                    1 1111 1 3 0 xxxx 0 1 0 1
1                    3 1111 1 3 0 xxxx 0 1 0 1
1                    5 1111 1 3 0 xxxx 0 1 0 1
1                    7 1111 1 3 0 xxxx 0 1 0 1
1                    9 2222 2 3 0 xxxx 0 1 0 2
1                   11 1234 8 3 0 xxxx 0 1 0 0
1                   13 0004 8 3 0 xxxx 0 1 0 0
1                   15 bbcc 9 3 0 xxxx 0 1 0 1
1                   17 0008 9 3 0 xxxx 0 1 0 1
1                   19 1357 2 3 0 2340 0 1 0 2
1                   21 0003 a 3 0 2340 0 1 0 2
1                   23 000a a 1 0 00bb 0 1 0 2
1                   25 aaaa 0 2 0 00bb 0 1 0 0
1                   27 bbbb 0 2 0 00bb 0 1 0 0
1                   29 cccc 0 2 0 00bb 0 1 0 0
1                   31 0b0b 3 3 0 00bb 0 1 0 3
1                   33 0002 3 3 0 00bb 0 1 0 3
1                   35 a2b2 3 3 0 00bb 0 1 0 3
1                   37 0003 3 3 0 00bb 0 1 0 3
1                   39 b3c4 3 3 0 000a 0 1 0 3
1                   41 0004 3 3 0 000a 0 1 0 3
1                   43 0203 3 3 0 000a 0 1 0 3
1                   45 0005 3 3 0 000a 0 1 0 3
1                   47 d6e7 3 3 0 000a 0 1 0 3
1                   49 0006 3 3 0 000a 0 1 0 3
1                   51 000b 3 3 0 000a 0 1 0 3
1                   53 0007 3 3 0 000a 0 1 0 3
1                   55 0002 c 3 0 000a 0 1 0 0
1                   57 0008 c 3 0 000a 0 1 0 0
1                   59 0003 d 3 0 000a 0 1 0 1
1                   61 000c d 3 0 000a 0 1 0 1
1                   63 0004 e 3 0 000a 0 1 0 2
1                   65 1010 e 3 0 000a 0 1 0 2
1                   67 0005 4 3 0 000a 0 1 0 0
1                   69 effe 4 3 0 000a 0 1 0 0
1                   71 0006 4 3 0 000a 0 1 0 0
1                   73 cdab 4 3 0 000a 0 1 0 0
1                   75 b8c9 4 3 0 000a 0 1 0 0
1                   77 c0d1 4 3 0 000a 0 1 0 0
1                   79 0005 b 3 0 000a 0 1 0 3
1                   81 0007 f 3 0 000a 0 1 0 3
1                   83 0003 b 3 0 000a 0 1 0 3
1                   85 0002 0 3 0 000a 0 1 0 0
1                   87 ffff 2 1 0 000a 0 1 0 2
1                   89 ffaa 0 1 0 000a 0 1 0 0
1                   91 1111 1 3 0 000a 0 1 0 1
1                   93 1111 1 3 0 000a 0 1 0 1
1                   95 1111 1 3 0 effe 0 1 0 1
1                   97 1111 1 3 0 effe 0 1 0 1
1                   99 2222 2 3 0 00c0 0 1 0 2
1                  101 1234 8 3 0 00c0 0 1 0 0
1                  103 0004 8 3 0 00c0 0 1 0 0
1                  105 bbcc 9 3 0 00c0 0 1 0 1
1                  107 0008 9 3 0 00c0 0 1 0 1
1                  109 1357 2 3 0 00c0 0 1 0 2
1                  111 0003 a 3 0 2340 0 1 0 2
1                  113 000a a 1 0 2340 0 1 0 2
1                  115 aaaa 0 2 0 00bb 0 1 0 0
1                  117 bbbb 0 2 0 00bb 0 1 0 0
1                  119 cccc 0 2 0 00bb 0 1 0 0
1                  121 0b0b 3 3 0 00bb 0 1 0 3
1                  123 0002 3 3 0 00bb 0 1 0 3
1                  125 a2b2 3 3 0 00bb 0 1 0 3
1                  127 0003 3 3 0 00bb 0 1 0 3
1                  129 b3c4 3 3 0 00bb 0 1 0 3
1                  131 0004 3 3 0 000a 0 1 0 3
1                  133 0203 3 3 0 000a 0 1 0 3
1                  135 0005 3 3 0 000a 0 1 0 3
1                  137 d6e7 3 3 0 000a 0 1 0 3
1                  139 0006 3 3 0 000a 0 1 0 3
1                  141 000b 3 3 0 000a 0 1 0 3
1                  143 0007 3 3 0 000a 0 1 0 3
1                  145 0002 c 3 0 000a 0 1 0 0
1                  147 0008 c 3 0 000a 0 1 0 0
1                  149 0003 d 3 0 000a 0 1 0 1
1                  151 000c d 3 0 000a 0 1 0 1
1                  153 0004 e 3 0 000a 0 1 0 2
1                  155 1010 e 3 0 000a 0 1 0 2
1                  157 0005 4 3 0 000a 0 1 0 0
1                  159 effe 4 3 0 000a 0 1 0 0
1                  161 0006 4 3 0 000a 0 1 0 0
1                  163 cdab 4 3 0 000a 0 1 0 0
1                  165 b8c9 4 3 0 000a 0 1 0 0
1                  167 c0d1 4 3 0 000a 0 1 0 0
1                  169 0005 b 3 0 000a 0 1 0 3
1                  171 0007 f 3 0 000a 0 1 0 3
1                  173 0003 b 3 0 000a 0 1 0 3
1                  175 0002 0 3 0 000a 0 1 0 0
1                  177 ffff 2 1 0 000a 0 1 0 2
1                  179 1111 1 3 0 000a 0 1 0 1
1                  181 1111 1 3 0 000a 0 1 0 1
1                  183 1111 1 3 0 000a 0 1 0 1
1                  185 1111 1 3 0 000a 0 1 0 1
1                  187 2222 2 3 0 0000 0 1 0 2
1                  189 1234 8 3 0 0000 0 1 0 0
1                  191 0004 8 3 0 0000 0 1 0 0
1                  193 bbcc 9 3 0 0000 0 1 0 1
1                  195 0008 9 3 0 0000 0 1 0 1
1                  197 1357 2 3 0 0000 0 1 0 2
1                  199 0003 a 3 0 2340 0 1 0 2
1                  201 000a a 1 0 2340 0 1 0 2
1                  203 aaaa 0 2 0 00bb 0 1 0 0
1                  205 bbbb 0 2 0 00bb 0 1 0 0
1                  207 cccc 0 2 0 00bb 0 1 0 0
1                  209 0b0b 3 3 0 00bb 0 1 0 3
1                  211 0002 3 3 0 00bb 0 1 0 3
1                  213 a2b2 3 3 0 00bb 0 1 0 3
1                  215 0003 3 3 0 00bb 0 1 0 3
1                  217 b3c4 3 3 0 00bb 0 1 0 3
1                  219 0004 3 3 0 000a 0 1 0 3
1                  221 0203 3 3 0 000a 0 1 0 3
1                  223 0005 3 3 0 000a 0 1 0 3
1                  225 d6e7 3 3 0 000a 0 1 0 3
1                  227 0006 3 3 0 000a 0 1 0 3
1                  229 000b 3 3 0 000a 0 1 0 3
1                  231 0007 3 3 0 000a 0 1 0 3
1                  233 0002 c 3 0 000a 0 1 0 0
1                  235 0008 c 3 0 000a 0 1 0 0
1                  237 0003 d 3 0 000a 0 1 0 1
1                  239 000c d 3 0 000a 0 1 0 1
1                  241 0004 e 3 0 000a 0 1 0 2
1                  243 1010 e 3 0 000a 0 1 0 2
1                  245 0005 4 3 0 000a 0 1 0 0
1                  247 effe 4 3 0 000a 0 1 0 0
1                  249 0006 4 3 0 000a 0 1 0 0
1                  251 cdab 4 3 0 000a 0 1 0 0
1                  253 b8c9 4 3 0 000a 0 1 0 0
1                  255 c0d1 4 3 0 000a 0 1 0 0
1                  257 0005 b 3 0 000a 0 1 0 3
1                  259 0007 f 3 0 000a 0 1 0 3
1                  261 0003 b 3 0 000a 0 1 0 3
1                  263 0002 0 3 0 000a 0 1 0 0
1                  265 ffff 2 1 0 000a 0 1 0 2
1                  267 ffaa 0 1 0 000a 0 1 0 0
1                  269 1111 1 3 0 000a 0 1 0 1
1                  271 1111 1 3 0 000a 0 1 0 1
1                  273 1111 1 3 0 000a 0 1 0 1
1                  275 1111 1 3 0 0000 0 1 0 1
1                  277 2222 2 3 0 0000 0 1 0 2
1                  279 1234 8 3 0 0000 0 1 0 0
1                  281 0004 8 3 0 0000 0 1 0 0
1                  283 bbcc 9 3 0 0000 0 1 0 1
1                  285 0008 9 3 0 0000 0 1 0 1
1                  287 1357 2 3 0 2340 0 1 0 2
1                  289 0003 a 3 0 2340 0 1 0 2
1                  291 000a a 1 0 00bb 0 1 0 2
1                  293 aaaa 0 2 0 00bb 0 1 0 0
1                  295 bbbb 0 2 0 00bb 0 1 0 0
1                  297 cccc 0 2 0 00bb 0 1 0 0
1                  299 0b0b 3 3 0 00bb 0 1 0 3
